8 15 18 45 49 11 Y
9 32 34 60 64 24 Y
1 22 31 47 60 19 Y
11 25 38 47 68 4 Y
12 15 39 49 61 12 Y
29 31 43 55 57 5 Y
3 11 39 40 52 10 Y
38 39 50 53 66 2 Y
21 23 41 47 64 6 Y
7 19 26 47 50 7 Y
2 3 36 51 55 5 Y
18 19 40 58 65 13 Y
10 14 36 51 60 18 N
1 15 30 53 69 15 N
10 22 36 50 62 9 Y
31 35 41 47 52 1 Y
32 33 45 46 67 14 Y
10 16 30 33 37 3 Y
6 20 26 62 66 2 Y
6 17 41 44 60 5 Y
8 9 11 43 56 21 Y
5 44 49 62 65 26 Y
27 28 48 56 66 22 Y
7 36 39 50 58 20 Y
1 35 40 50 62 4 Y
8 11 15 46 62 24 Y
3 13 39 42 61 24 Y
8 9 25 30 43 1 Y
1 4 17 45 61 4 Y
5 11 13 20 66 3 Y
28 33 50 53 59 19 Y
18 39 41 48 52 23 Y
10 23 30 43 60 25 Y
12 18 31 39 53 13 Y
17 30 38 43 67 13 Y
18 35 42 45 49 25 Y
21 22 54 59 68 26 Y
18 31 35 44 61 1 Y
5 15 38 44 65 11 Y
4 29 42 46 69 19 Y
6 46 49 55 60 24 Y
27 28 60 62 65 12 Y
23 52 54 55 62 11 Y
5 11 20 48 66 1 Y